Result1:[ 1 0 0 0 0 0 0 1 0 0 ]
Result2:[ 0 1 1 0 0 0 0 1 0 0 ]
Result6:[ 0 1 0 0 1 0 0 1 0 0 ]
Result7:[ 0 0 0 1 1 0 0 1 0 0 ]
Result8:[ 0 0 0 0 1 1 0 0 0 0 ]
Result9:[ 0 0 0 0 1 0 0 1 1 0 ]
Result10:[ 1 0 0 0 1 0 0 1 0 0 ]
Result11:[ 0 1 1 0 1 0 0 1 0 0 ]
Result12:[ 0 0 1 1 1 0 0 1 0 0 ]
Result13:[ 0 0 1 0 1 1 0 0 0 0 ]
Result14:[ 0 0 1 0 1 0 0 1 1 0 ]
Result15:[ 1 0 1 0 1 0 0 1 0 0 ]
Result16:[ 0 1 2 0 1 0 0 1 0 0 ]
Result17:[ 0 0 2 1 1 0 0 1 0 0 ]
Result18:[ 0 0 2 0 1 1 0 0 0 0 ]
Result19:[ 0 0 2 0 1 0 0 1 1 0 ]
Result20:[ 1 0 2 0 1 0 0 1 0 0 ]
Result21:[ 0 1 3 0 1 0 0 1 0 0 ]
Result22:[ 0 0 3 1 1 0 0 1 0 0 ]
Result23:[ 0 0 3 0 1 1 0 0 0 0 ]
Result24:[ 0 0 3 0 1 0 0 1 1 0 ]
Result25:[ 1 0 3 0 1 0 0 1 0 0 ]
Result26:[ 0 1 4 0 1 0 0 1 0 0 ]
Result27:[ 0 0 4 1 1 0 0 1 0 0 ]
Result28:[ 0 0 4 0 1 1 0 0 0 0 ]
Result29:[ 0 0 4 0 1 0 0 1 1 0 ]
Result30:[ 1 0 4 0 1 0 0 1 0 0 ]
Result31:[ 0 1 5 0 1 0 0 1 0 0 ]
Result32:[ 0 0 5 1 1 0 0 1 0 0 ]
Result33:[ 0 0 5 0 1 1 0 0 0 0 ]
Result34:[ 0 0 5 0 1 0 0 1 1 0 ]
Result35:[ 1 0 5 0 1 0 0 1 0 0 ]
Result36:[ 0 1 6 0 1 0 0 1 0 0 ]
Result37:[ 0 0 6 1 1 0 0 1 0 0 ]
Result38:[ 0 0 6 0 1 1 0 0 0 0 ]
Result39:[ 0 0 6 0 1 0 0 1 1 0 ]
Result40:[ 1 0 6 0 1 0 0 1 0 0 ]
Result41:[ 0 1 7 0 1 0 0 1 0 0 ]
Result42:[ 0 0 7 1 1 0 0 1 0 0 ]
Result43:[ 0 0 7 0 1 1 0 0 0 0 ]
Result44:[ 0 0 7 0 1 0 0 1 1 0 ]
Result45:[ 1 0 7 0 1 0 0 1 0 0 ]
Result46:[ 0 1 8 0 1 0 0 1 0 0 ]
Result47:[ 0 0 8 1 1 0 0 1 0 0 ]
Result48:[ 0 0 8 0 1 1 0 0 0 0 ]
Result49:[ 0 0 8 0 1 0 0 1 1 0 ]
Result50:[ 1 0 8 0 1 0 0 1 0 0 ]
Result51:[ 0 1 9 0 1 0 0 1 0 0 ]
Result52:[ 0 0 9 1 1 0 0 1 0 0 ]
Result53:[ 0 0 9 0 1 1 0 0 0 0 ]
Result54:[ 0 0 9 0 1 0 0 1 1 0 ]
Result55:[ 1 0 9 0 1 0 0 1 0 0 ]
Result56:[ 0 1 10 0 1 0 0 1 0 0 ]
Result57:[ 0 0 10 1 1 0 0 1 0 0 ]
Result58:[ 0 0 10 0 1 1 0 0 0 0 ]
Result59:[ 0 0 10 0 1 0 0 1 1 0 ]
Result60:[ 1 0 10 0 1 0 0 1 0 0 ]
Result61:[ 0 1 11 0 1 0 0 1 0 0 ]
Result62:[ 0 0 11 1 1 0 0 1 0 0 ]
Result63:[ 0 0 11 0 1 1 0 0 0 0 ]
Result64:[ 0 0 11 0 1 0 0 1 1 0 ]
Result65:[ 1 0 11 0 1 0 0 1 0 0 ]
Result66:[ 0 1 12 0 1 0 0 1 0 0 ]
Result67:[ 0 0 12 1 1 0 0 1 0 0 ]
Result68:[ 0 0 12 0 1 1 0 0 0 0 ]
Result69:[ 0 0 12 0 1 0 0 1 1 0 ]
Result70:[ 1 0 12 0 1 0 0 1 0 0 ]
Result71:[ 0 1 13 0 1 0 0 1 0 0 ]
Result72:[ 0 0 13 1 1 0 0 1 0 0 ]
Result73:[ 0 0 13 0 1 1 0 0 0 0 ]
